{
	"name": "Default",
	"version": 1,
	"model": "default_cockpit",
	"props": [
		{
			"id": "switch_rotation_damping",
			"position": [-0.280, -0.370, -0.792],
			"orient": [1, 0, 0, 0, 0.850, 0.525, 0, -0.525, 0.850]
		},
		{
			"id": "switch_speed_limiter",
			"position": [-0.240, -0.370, -0.792],
			"orient": [1, 0, 0, 0, 0.850, 0.525, 0, -0.525, 0.850]
		},
		{
			"id": "switch_test",
			"position": [-0.180, -0.370, -0.792],
			"orient": [1, 0, 0, 0, 0.850, 0.525, 0, -0.525, 0.850]
		},
		{
			"id": "switch_test",
			"position": [-0.130, -0.370, -0.792],
			"orient": [1, 0, 0, 0, 0.850, 0.525, 0, -0.525, 0.850]
		},
		{
			"id": "complicated_prop",
			"position": [0, -0.635, -0.635],
			"orient": [1, 0, 0, 0, 0.850, 0.525, 0, -0.525, 0.850]
		}
	]
}
